%YAML:1.0
---
calibration_time: "Di 31 Okt 2017 20:07:04 CET"
nr_of_frames: 16
image_width: 1280
image_height: 400
board_width: 8
board_height: 6
square_size: 7.1999996900558472e-02
# flags: +fix_aspectRatio +fix_principal_point +zero_tangent_dist
flags: 14
fisheye_model: 0
camera_matrix: !!opencv-matrix
   rows: 3
   cols: 3
   dt: d
   data: [ 3.1594913378672680e+02, 0., 5.9719838879852978e+02, 0.,
       3.1624090873758257e+02, 8.4386123988545506e+01, 0., 0., 1. ]
distortion_coefficients: !!opencv-matrix
   rows: 5
   cols: 1
   dt: d
   data: [ -5.1867227797930827e-04, -3.9941170164598770e-03,
       2.5833706278096190e-05, -2.4468263145092234e-03,
       1.2378520183535125e-03 ]
avg_reprojection_error: 3.6651967559622639e-01
image_points: !!opencv-matrix
   rows: 16
   cols: 48
   dt: "2f"
   data: [ 3.31716461e+02, 2.81413593e+01, 3.54343658e+02,
       2.95748310e+01, 3.76416138e+02, 3.09127274e+01, 3.97650940e+02,
       3.23685684e+01, 4.18186890e+02, 3.35295296e+01, 4.37914612e+02,
       3.49119606e+01, 4.57129578e+02, 3.59759445e+01, 4.75753876e+02,
       3.72056122e+01, 3.29999695e+02, 4.68681374e+01, 3.53020416e+02,
       4.80079041e+01, 3.74896515e+02, 4.90584717e+01, 3.96248016e+02,
       5.00196114e+01, 4.16993713e+02, 5.10952454e+01, 4.36942413e+02,
       5.19274368e+01, 4.56302216e+02, 5.28401299e+01, 4.75184204e+02,
       5.37112427e+01, 3.27683868e+02, 6.56911850e+01, 3.50632111e+02,
       6.65690231e+01, 3.73154968e+02, 6.73307266e+01, 3.94748474e+02,
       6.81022186e+01, 4.15767059e+02, 6.86585999e+01, 4.35990295e+02,
       6.94567566e+01, 4.55554016e+02, 7.00707779e+01, 4.74460968e+02,
       7.06208801e+01, 3.25826477e+02, 8.51193085e+01, 3.49272278e+02,
       8.56307220e+01, 3.71421631e+02, 8.59276047e+01, 3.93609985e+02,
       8.64854813e+01, 4.14586365e+02, 8.69153824e+01, 4.34927338e+02,
       8.72413788e+01, 4.54610107e+02, 8.75458527e+01, 4.73935760e+02,
       8.78874893e+01, 3.23516724e+02, 1.04745598e+02, 3.47244415e+02,
       1.04908173e+02, 3.70265045e+02, 1.05055328e+02, 3.92005371e+02,
       1.05140068e+02, 4.13524292e+02, 1.05315430e+02, 4.33884277e+02,
       1.05302780e+02, 4.53823792e+02, 1.05408348e+02, 4.73147430e+02,
       1.05312996e+02, 3.21684418e+02, 1.24735779e+02, 3.45549347e+02,
       1.24555153e+02, 3.68381378e+02, 1.24385551e+02, 3.90733734e+02,
       1.24146034e+02, 4.12104767e+02, 1.23959114e+02, 4.33002167e+02,
       1.23642235e+02, 4.52997223e+02, 1.23477844e+02, 4.72546143e+02,
       1.23252060e+02, 5.79539856e+02, 3.99975090e+01, 5.95098022e+02,
       4.02663536e+01, 6.10704651e+02, 4.05151939e+01, 6.26262329e+02,
       4.06697311e+01, 6.41959900e+02, 4.09322166e+01, 6.57538147e+02,
       4.12602730e+01, 6.73472595e+02, 4.13769798e+01, 6.89083374e+02,
       4.15733643e+01, 5.79116882e+02, 5.54072189e+01, 5.94805908e+02,
       5.56203766e+01, 6.10392273e+02, 5.58341255e+01, 6.26191772e+02,
       5.60103073e+01, 6.41795593e+02, 5.63961258e+01, 6.57706238e+02,
       5.64877052e+01, 6.73425598e+02, 5.67277260e+01, 6.89453064e+02,
       5.68731155e+01, 5.78653381e+02, 7.07030106e+01, 5.94387634e+02,
       7.09559937e+01, 6.10194641e+02, 7.12979965e+01, 6.25895996e+02,
       7.15680237e+01, 6.41794312e+02, 7.17319794e+01, 6.57607605e+02,
       7.21352005e+01, 6.73659424e+02, 7.23891754e+01, 6.89373108e+02,
       7.25677414e+01, 5.78246521e+02, 8.64657898e+01, 5.94101318e+02,
       8.67052612e+01, 6.09913635e+02, 8.69350281e+01, 6.25824951e+02,
       8.72871857e+01, 6.41592407e+02, 8.75886383e+01, 6.57721008e+02,
       8.77460022e+01, 6.73598572e+02, 8.81527710e+01, 6.89790466e+02,
       8.83460770e+01, 5.77763611e+02, 1.02290527e+02, 5.93755554e+02,
       1.02542839e+02, 6.09681885e+02, 1.02792770e+02, 6.25638306e+02,
       1.03199486e+02, 6.41641113e+02, 1.03486092e+02, 6.57785767e+02,
       1.03660545e+02, 6.73894958e+02, 1.03982895e+02, 6.90115967e+02,
       1.04255577e+02, 5.77379456e+02, 1.18281181e+02, 5.93380493e+02,
       1.18624542e+02, 6.09307007e+02, 1.18862282e+02, 6.25520264e+02,
       1.19261772e+02, 6.41518677e+02, 1.19542976e+02, 6.57753296e+02,
       1.19797600e+02, 6.73894836e+02, 1.20255951e+02, 6.90241760e+02,
       1.20438416e+02, 6.26107544e+02, 8.25558243e+01, 6.43419556e+02,
       8.15083389e+01, 6.60959229e+02, 8.04027939e+01, 6.78442566e+02,
       7.93043518e+01, 6.96334839e+02, 7.81828232e+01, 7.14153809e+02,
       7.70216827e+01, 7.32382324e+02, 7.57230835e+01, 7.50338196e+02,
       7.45588379e+01, 6.27169983e+02, 9.98300323e+01, 6.44562378e+02,
       9.87406235e+01, 6.62073792e+02, 9.77373123e+01, 6.79822144e+02,
       9.67032394e+01, 6.97460571e+02, 9.55774918e+01, 7.15572266e+02,
       9.45525208e+01, 7.33499084e+02, 9.33993149e+01, 7.52003357e+02,
       9.23611221e+01, 6.28304504e+02, 1.17169907e+02, 6.45730896e+02,
       1.16251099e+02, 6.63412170e+02, 1.15304192e+02, 6.80920166e+02,
       1.14229424e+02, 6.98836914e+02, 1.13258873e+02, 7.16626221e+02,
       1.12160950e+02, 7.35064209e+02, 1.11164177e+02, 7.52974915e+02,
       1.09967552e+02, 6.29337036e+02, 1.34525803e+02, 6.46819885e+02,
       1.33595276e+02, 6.64549316e+02, 1.32782120e+02, 6.82200623e+02,
       1.31730362e+02, 6.99943787e+02, 1.30740112e+02, 7.18212280e+02,
       1.29921799e+02, 7.36180786e+02, 1.28896713e+02, 7.54618652e+02,
       1.27836266e+02, 6.30542480e+02, 1.52002228e+02, 6.48064514e+02,
       1.51139130e+02, 6.65707520e+02, 1.50208618e+02, 6.83542908e+02,
       1.49478027e+02, 7.01328491e+02, 1.48502426e+02, 7.19563782e+02,
       1.47726852e+02, 7.37795654e+02, 1.46741302e+02, 7.56276489e+02,
       1.45889679e+02, 6.31563416e+02, 1.69393555e+02, 6.49182434e+02,
       1.68660675e+02, 6.66710815e+02, 1.67880676e+02, 6.84645935e+02,
       1.67073959e+02, 7.02541870e+02, 1.66412277e+02, 7.20718689e+02,
       1.65528412e+02, 7.39074097e+02, 1.64739716e+02, 7.57506775e+02,
       1.63824936e+02, 7.03520752e+02, 8.27184601e+01, 7.22673828e+02,
       8.25589294e+01, 7.42720764e+02, 8.23779984e+01, 7.63420776e+02,
       8.18995209e+01, 7.85356995e+02, 8.15926743e+01, 8.07771790e+02,
       8.13289108e+01, 8.31838562e+02, 8.08551636e+01, 8.56693481e+02,
       8.04858170e+01, 7.03749756e+02, 1.00510147e+02, 7.22969849e+02,
       1.00739494e+02, 7.42857849e+02, 1.00804115e+02, 7.63730042e+02,
       1.00999603e+02, 7.85482544e+02, 1.01113785e+02, 8.08330811e+02,
       1.01239983e+02, 8.31974243e+02, 1.01406494e+02, 8.57177063e+02,
       1.01488159e+02, 7.04099854e+02, 1.18635216e+02, 7.23255676e+02,
       1.18958069e+02, 7.43242310e+02, 1.19642593e+02, 7.63914551e+02,
       1.19965591e+02, 7.85837341e+02, 1.20583847e+02, 8.08280579e+02,
       1.21097252e+02, 8.32455200e+02, 1.21681839e+02, 8.57161316e+02,
       1.22249458e+02, 7.04307373e+02, 1.36307022e+02, 7.23554321e+02,
       1.37311829e+02, 7.43458557e+02, 1.38287094e+02, 7.64275024e+02,
       1.38985336e+02, 7.85849976e+02, 1.39780319e+02, 8.08756165e+02,
       1.41125656e+02, 8.32420898e+02, 1.41924164e+02, 8.57556641e+02,
       1.43239365e+02, 7.04553833e+02, 1.54246216e+02, 7.23717896e+02,
       1.55435410e+02, 7.43662720e+02, 1.56556381e+02, 7.64593018e+02,
       1.58092804e+02, 7.86141113e+02, 1.59393600e+02, 8.09048706e+02,
       1.61136887e+02, 8.32880676e+02, 1.62538345e+02, 8.57999268e+02,
       1.64082306e+02, 7.04784912e+02, 1.71645584e+02, 7.23900330e+02,
       1.73506439e+02, 7.43732178e+02, 1.75173431e+02, 7.64638184e+02,
       1.77028839e+02, 7.86395508e+02, 1.78754074e+02, 8.09189148e+02,
       1.80830444e+02, 8.33091675e+02, 1.82784836e+02, 8.58012390e+02,
       1.84791046e+02, 6.08684082e+02, 7.53702164e+01, 6.27848022e+02,
       7.56481781e+01, 6.47176880e+02, 7.59892960e+01, 6.66349426e+02,
       7.64267578e+01, 6.85761108e+02, 7.66456299e+01, 7.05151855e+02,
       7.72000046e+01, 7.24905212e+02, 7.74369431e+01, 7.44334351e+02,
       7.77217636e+01, 6.08292175e+02, 9.43275986e+01, 6.27433289e+02,
