%YAML:1.0
---
calibration_time: "10/25/17"
image_width: 640
image_height: 480
# camera parameters and distortion coefficients calculated with kalibr
# model: pinhole, equidistance
# pattern aprilgrid 6x6 8cm 0.3
# images recorded with basler from car 2 using ros
camera_matrix: !!opencv-matrix
   rows: 3
   cols: 3
   dt: d
   data: [378.32200659882113, 0., 317.58763278051964,
          0., 377.9209656698033, 202.0383458576804,
          0., 0., 1.]
distortion_coefficients: !!opencv-matrix
   rows: 4
   cols: 1
   dt: d
   data: [-0.06172604704359539, -0.019603382610145628, 0.004550612299498382, -0.0006223001836949633]